[((196, 165, 1), 20),
 ((196, 15, 11), 20),
 ((196, 304, 11), 20),
 ((196, 520, 11), 20),
 ((196, 629, 11), 20),
 ((196, 662, 11), 20),
 ((196, 771, 11), 20),
 ((196, 65, 12), 20),
 ((196, 87, 12), 20),
 ((196, 260, 12), 20),
 ((196, 456, 12), 20),
 ((196, 564, 12), 20),
 ((196, 694, 12), 20),
 ((196, 792, 12), 20),
 ((196, 391, 14), 20),
 ((165, 15, 10), 21),
 ((165, 304, 10), 21),
 ((165, 520, 10), 21),
 ((165, 629, 10), 21),
 ((165, 662, 10), 21),
 ((165, 771, 10), 21),
 ((165, 65, 11), 21),
 ((165, 87, 11), 21),
 ((165, 260, 11), 21),
 ((165, 456, 11), 21),
 ((165, 564, 11), 21),
 ((165, 694, 11), 21),
 ((165, 792, 11), 21),
 ((165, 391, 13), 21),
 ((165, 434, 13), 21),
 ((15, 304, 0), 31),
 ((15, 520, 0), 31),
 ((15, 629, 0), 31),
 ((15, 662, 0), 31),
 ((15, 771, 0), 31),
 ((15, 65, 1), 31),
 ((15, 87, 1), 31),
 ((15, 260, 1), 31),
 ((15, 456, 1), 31),
 ((15, 564, 1), 31),
 ((15, 694, 1), 31),
 ((15, 792, 1), 31),
 ((15, 391, 3), 31),
 ((15, 434, 3), 31),
 ((15, 478, 3), 31),
 ((304, 520, 0), 31),
 ((304, 629, 0), 31),
 ((304, 662, 0), 31),
 ((304, 771, 0), 31),
 ((304, 65, 1), 31),
 ((304, 87, 1), 31),
 ((304, 260, 1), 31),
 ((304, 456, 1), 31),
 ((304, 564, 1), 31),
 ((304, 694, 1), 31),
 ((304, 792, 1), 31),
 ((304, 391, 3), 31),
 ((304, 434, 3), 31),
 ((304, 478, 3), 31),
 ((304, 542, 3), 31),
 ((520, 629, 0), 31),
 ((520, 662, 0), 31),
 ((520, 771, 0), 31),
 ((520, 65, 1), 31),
 ((520, 87, 1), 31),
 ((520, 260, 1), 31),
 ((520, 456, 1), 31),
 ((520, 564, 1), 31),
 ((520, 694, 1), 31),
 ((520, 792, 1), 31),
 ((520, 391, 3), 31),
 ((520, 434, 3), 31),
 ((520, 478, 3), 31),
 ((520, 542, 3), 31),
 ((520, 608, 3), 31),
 ((629, 662, 0), 31),
 ((629, 771, 0), 31),
 ((629, 65, 1), 31),
 ((629, 87, 1), 31),
 ((629, 260, 1), 31),
 ((629, 456, 1), 31),
 ((629, 564, 1), 31),
 ((629, 694, 1), 31),
 ((629, 792, 1), 31),
 ((629, 391, 3), 31),
 ((629, 434, 3), 31),
 ((629, 478, 3), 31),
 ((629, 542, 3), 31),
 ((629, 608, 3), 31),
 ((629, 228, 5), 31),
 ((662, 771, 0), 31),
 ((662, 65, 1), 31),
 ((662, 87, 1), 31),
 ((662, 260, 1), 31),
 ((662, 456, 1), 31),
 ((662, 564, 1), 31),
 ((662, 694, 1), 31),
 ((662, 792, 1), 31),
 ((662, 391, 3), 31),
 ((662, 434, 3), 31),
 ((662, 478, 3), 31),
 ((662, 542, 3), 31),
 ((662, 608, 3), 31),
 ((662, 228, 5), 31),
 ((662, 130, 6), 31),
 ((771, 65, 1), 31),
 ((771, 87, 1), 31),
 ((771, 260, 1), 31),
 ((771, 456, 1), 31),
 ((771, 564, 1), 31),
 ((771, 694, 1), 31),
 ((771, 792, 1), 31),
 ((771, 391, 3), 31),
 ((771, 434, 3), 31),
 ((771, 478, 3), 31),
 ((771, 542, 3), 31),
 ((771, 608, 3), 31),
 ((771, 228, 5), 31),
 ((771, 130, 6), 31),
 ((771, 412, 6), 31),
 ((65, 87, 0), 32),
 ((65, 260, 0), 32),
 ((65, 456, 0), 32),
 ((65, 564, 0), 32),
 ((65, 694, 0), 32),
 ((65, 792, 0), 32),
 ((65, 391, 2), 32),
 ((65, 434, 2), 32),
 ((65, 478, 2), 32),
 ((65, 542, 2), 32),
 ((65, 608, 2), 32),
 ((65, 228, 4), 32),
 ((65, 130, 5), 32),
 ((65, 412, 5), 32),
 ((65, 173, 6), 32),
 ((87, 260, 0), 32),
 ((87, 456, 0), 32),
 ((87, 564, 0), 32),
 ((87, 694, 0), 32),
 ((87, 792, 0), 32),
 ((87, 391, 2), 32),
 ((87, 434, 2), 32),
 ((87, 478, 2), 32),
 ((87, 542, 2), 32),
 ((87, 608, 2), 32),
 ((87, 228, 4), 32),
 ((87, 130, 5), 32),
 ((87, 412, 5), 32),
 ((87, 173, 6), 32),
 ((87, 347, 6), 32),
 ((260, 456, 0), 32),
 ((260, 564, 0), 32),
 ((260, 694, 0), 32),
 ((260, 792, 0), 32),
 ((260, 391, 2), 32),
 ((260, 434, 2), 32),
 ((260, 478, 2), 32),
 ((260, 542, 2), 32),
 ((260, 608, 2), 32),
 ((260, 228, 4), 32),
 ((260, 130, 5), 32),
 ((260, 412, 5), 32),
 ((260, 173, 6), 32),
 ((260, 347, 6), 32),
 ((260, 21, 36), 32),
 ((456, 564, 0), 32),
 ((456, 694, 0), 32),
 ((456, 792, 0), 32),
 ((456, 391, 2), 32),
 ((456, 434, 2), 32),
 ((456, 478, 2), 32),
 ((456, 542, 2), 32),
 ((456, 608, 2), 32),
 ((456, 228, 4), 32),
 ((456, 130, 5), 32),
 ((456, 412, 5), 32),
 ((456, 173, 6), 32),
 ((456, 347, 6), 32),
 ((456, 21, 36), 32),
 ((456, 242, 36), 32),
 ((564, 694, 0), 32),
 ((564, 792, 0), 32),
 ((564, 391, 2), 32),
 ((564, 434, 2), 32),
 ((564, 478, 2), 32),
 ((564, 542, 2), 32),
 ((564, 608, 2), 32),
 ((564, 228, 4), 32),
 ((564, 130, 5), 32),
 ((564, 412, 5), 32),
 ((564, 173, 6), 32),
 ((564, 347, 6), 32),
 ((564, 21, 36), 32),
 ((564, 242, 36), 32),
 ((564, 478, 36), 32),
 ((694, 792, 0), 32),
 ((694, 391, 2), 32),
 ((694, 434, 2), 32),
 ((694, 478, 2), 32),
 ((694, 542, 2), 32),
 ((694, 608, 2), 32),
 ((694, 228, 4), 32),
 ((694, 130, 5), 32),
 ((694, 412, 5), 32),
 ((694, 173, 6), 32),
 ((694, 347, 6), 32),
 ((694, 21, 36), 32),
 ((694, 242, 36), 32),
 ((694, 478, 36), 32),
 ((694, 637, 36), 32),
 ((792, 391, 2), 32),
 ((792, 434, 2), 32),
 ((792, 478, 2), 32),
 ((792, 542, 2), 32),
 ((792, 608, 2), 32),
 ((792, 228, 4), 32),
 ((792, 130, 5), 32),
 ((792, 412, 5), 32),
 ((792, 173, 6), 32),
 ((792, 347, 6), 32),
 ((792, 21, 36), 32),
 ((792, 242, 36), 32),
 ((792, 478, 36), 32),
 ((792, 637, 36), 32),
 ((792, 50, 37), 32),
 ((391, 434, 0), 34),
 ((391, 478, 0), 34),
 ((391, 542, 0), 34),
 ((391, 608, 0), 34),
 ((391, 228, 2), 34),
 ((391, 130, 3), 34),
 ((391, 412, 3), 34),
 ((391, 173, 4), 34),
 ((391, 347, 4), 34),
 ((391, 21, 34), 34),
 ((391, 242, 34), 34),
 ((391, 478, 34), 34),
 ((391, 637, 34), 34),
 ((391, 50, 35), 34),
 ((391, 96, 35), 34),
 ((434, 478, 0), 34),
 ((434, 542, 0), 34),
 ((434, 608, 0), 34),
 ((434, 228, 2), 34),
 ((434, 130, 3), 34),
 ((434, 412, 3), 34),
 ((434, 173, 4), 34),
 ((434, 347, 4), 34),
 ((434, 21, 34), 34),
 ((434, 242, 34), 34),
 ((434, 478, 34), 34),
 ((434, 637, 34), 34),
 ((434, 50, 35), 34),
 ((434, 96, 35), 34),
 ((434, 217, 35), 34),
 ((478, 542, 0), 34),
 ((478, 608, 0), 34),
 ((478, 228, 2), 34),
 ((478, 130, 3), 34),
 ((478, 412, 3), 34),
 ((478, 173, 4), 34),
 ((478, 347, 4), 34),
 ((478, 21, 34), 34),
 ((478, 242, 34), 34),
 ((478, 478, 34), 34),
 ((478, 637, 34), 34),
 ((478, 50, 35), 34),
 ((478, 96, 35), 34),
 ((478, 217, 35), 34),
 ((478, 285, 35), 34),
 ((542, 608, 0), 34),
 ((542, 228, 2), 34),
 ((542, 130, 3), 34),
 ((542, 412, 3), 34),
 ((542, 173, 4), 34),
 ((542, 347, 4), 34),
 ((542, 21, 34), 34),
 ((542, 242, 34), 34),
 ((542, 478, 34), 34),
 ((542, 637, 34), 34),
 ((542, 50, 35), 34),
 ((542, 96, 35), 34),
 ((542, 217, 35), 34),
 ((542, 285, 35), 34),
 ((542, 392, 35), 34),
 ((608, 228, 2), 34),
 ((608, 130, 3), 34),
 ((608, 412, 3), 34),
 ((608, 173, 4), 34),
 ((608, 347, 4), 34),
 ((608, 21, 34), 34),
 ((608, 242, 34), 34),
 ((608, 478, 34), 34),
 ((608, 637, 34), 34),
 ((608, 50, 35), 34),
 ((608, 96, 35), 34),
 ((608, 217, 35), 34),
 ((608, 285, 35), 34),
 ((608, 392, 35), 34),
 ((608, 436, 35), 34),
 ((228, 130, 1), 36),
 ((228, 412, 1), 36),
 ((228, 173, 2), 36),
 ((228, 347, 2), 36),
 ((228, 21, 32), 36),
 ((228, 242, 32), 36),
 ((228, 478, 32), 36),
 ((228, 637, 32), 36),
 ((228, 50, 33), 36),
 ((228, 96, 33), 36),
 ((228, 217, 33), 36),
 ((228, 285, 33), 36),
 ((228, 392, 33), 36),
 ((228, 436, 33), 36),
 ((228, 520, 33), 36),
 ((130, 412, 0), 37),
 ((130, 173, 1), 37),
 ((130, 347, 1), 37),
 ((130, 21, 31), 37),
 ((130, 242, 31), 37),
 ((130, 478, 31), 37),
 ((130, 637, 31), 37),
 ((130, 50, 32), 37),
 ((130, 96, 32), 37),
 ((130, 217, 32), 37),
 ((130, 285, 32), 37),
 ((130, 392, 32), 37),
 ((130, 436, 32), 37),
 ((130, 520, 32), 37),
 ((130, 549, 32), 37),
 ((412, 173, 1), 37),
 ((412, 347, 1), 37),
 ((412, 21, 31), 37),
 ((412, 242, 31), 37),
 ((412, 478, 31), 37),
 ((412, 637, 31), 37),
 ((412, 50, 32), 37),
 ((412, 96, 32), 37),
 ((412, 217, 32), 37),
 ((412, 285, 32), 37),
 ((412, 392, 32), 37),
 ((412, 436, 32), 37),
 ((412, 520, 32), 37),
 ((412, 549, 32), 37),
 ((412, 701, 32), 37),
 ((173, 347, 0), 38),
 ((173, 21, 30), 38),
 ((173, 242, 30), 38),
 ((173, 478, 30), 38),
 ((173, 637, 30), 38),
 ((173, 50, 31), 38),
 ((173, 96, 31), 38),
 ((173, 217, 31), 38),
 ((173, 285, 31), 38),
 ((173, 392, 31), 38),
 ((173, 436, 31), 38),
 ((173, 520, 31), 38),
 ((173, 549, 31), 38),
 ((173, 701, 31), 38),
 ((173, 736, 31), 38),
 ((347, 21, 30), 38),
 ((347, 242, 30), 38),
 ((347, 478, 30), 38),
 ((347, 637, 30), 38),
 ((347, 50, 31), 38),
 ((347, 96, 31), 38),
 ((347, 217, 31), 38),
 ((347, 285, 31), 38),
 ((347, 392, 31), 38),
 ((347, 436, 31), 38),
 ((347, 520, 31), 38),
 ((347, 549, 31), 38),
 ((347, 701, 31), 38),
 ((347, 736, 31), 38),
 ((347, 785, 31), 38),
 ((21, 242, 0), 68),
 ((21, 478, 0), 68),
 ((21, 637, 0), 68),
 ((21, 50, 1), 68),
 ((21, 96, 1), 68),
 ((21, 217, 1), 68),
 ((21, 285, 1), 68),
 ((21, 392, 1), 68),
 ((21, 436, 1), 68),
 ((21, 520, 1), 68),
 ((21, 549, 1), 68),
 ((21, 701, 1), 68),
 ((21, 736, 1), 68),
 ((21, 785, 1), 68),
 ((21, 719, 12), 68),
 ((242, 478, 0), 68),
 ((242, 637, 0), 68),
 ((242, 50, 1), 68),
 ((242, 96, 1), 68),
 ((242, 217, 1), 68),
 ((242, 285, 1), 68),
 ((242, 392, 1), 68),
 ((242, 436, 1), 68),
 ((242, 520, 1), 68),
 ((242, 549, 1), 68),
 ((242, 701, 1), 68),
 ((242, 736, 1), 68),
 ((242, 785, 1), 68),
 ((242, 719, 12), 68),
 ((242, 339, 18), 68),
 ((478, 637, 0), 68),
 ((478, 50, 1), 68),
 ((478, 96, 1), 68),
 ((478, 217, 1), 68),
 ((478, 285, 1), 68),
 ((478, 392, 1), 68),
 ((478, 436, 1), 68),
 ((478, 520, 1), 68),
 ((478, 549, 1), 68),
 ((478, 701, 1), 68),
 ((478, 736, 1), 68),
 ((478, 785, 1), 68),
 ((478, 719, 12), 68),
 ((478, 339, 18), 68),
 ((478, 21, 25), 68),
 ((637, 50, 1), 68),
 ((637, 96, 1), 68),
 ((637, 217, 1), 68),
 ((637, 285, 1), 68),
 ((637, 392, 1), 68),
 ((637, 436, 1), 68),
 ((637, 520, 1), 68),
 ((637, 549, 1), 68),
 ((637, 701, 1), 68),
 ((637, 736, 1), 68),
 ((637, 785, 1), 68),
 ((637, 719, 12), 68),
 ((637, 339, 18), 68),
 ((637, 21, 25), 68),
 ((637, 51, 25), 68),
 ((50, 96, 0), 69),
 ((50, 217, 0), 69),
 ((50, 285, 0), 69),
 ((50, 392, 0), 69),
 ((50, 436, 0), 69),
 ((50, 520, 0), 69),
 ((50, 549, 0), 69),
 ((50, 701, 0), 69),
 ((50, 736, 0), 69),
 ((50, 785, 0), 69),
 ((50, 719, 11), 69),
 ((50, 339, 17), 69),
 ((50, 21, 24), 69),
 ((50, 51, 24), 69),
 ((50, 168, 24), 69),
 ((96, 217, 0), 69),
 ((96, 285, 0), 69),
 ((96, 392, 0), 69),
 ((96, 436, 0), 69),
 ((96, 520, 0), 69),
 ((96, 549, 0), 69),
 ((96, 701, 0), 69),
 ((96, 736, 0), 69),
 ((96, 785, 0), 69),
 ((96, 719, 11), 69),
 ((96, 339, 17), 69),
 ((96, 21, 24), 69),
 ((96, 51, 24), 69),
 ((96, 168, 24), 69),
 ((96, 198, 24), 69),
 ((217, 285, 0), 69),
 ((217, 392, 0), 69),
 ((217, 436, 0), 69),
 ((217, 520, 0), 69),
 ((217, 549, 0), 69),
 ((217, 701, 0), 69),
 ((217, 736, 0), 69),
 ((217, 785, 0), 69),
 ((217, 719, 11), 69),
 ((217, 339, 17), 69),
 ((217, 21, 24), 69),
 ((217, 51, 24), 69),
 ((217, 168, 24), 69),
 ((217, 198, 24), 69),
 ((217, 425, 24), 69),
 ((285, 392, 0), 69),
 ((285, 436, 0), 69),
 ((285, 520, 0), 69),
 ((285, 549, 0), 69),
 ((285, 701, 0), 69),
 ((285, 736, 0), 69),
 ((285, 785, 0), 69),
 ((285, 719, 11), 69),
 ((285, 339, 17), 69),
 ((285, 21, 24), 69),
 ((285, 51, 24), 69),
 ((285, 168, 24), 69),
 ((285, 198, 24), 69),
 ((285, 425, 24), 69),
 ((285, 612, 24), 69),
 ((392, 436, 0), 69),
 ((392, 520, 0), 69),
 ((392, 549, 0), 69),
 ((392, 701, 0), 69),
 ((392, 736, 0), 69),
 ((392, 785, 0), 69),
 ((392, 719, 11), 69),
 ((392, 339, 17), 69),
 ((392, 21, 24), 69),
 ((392, 51, 24), 69),
 ((392, 168, 24), 69),
 ((392, 198, 24), 69),
 ((392, 425, 24), 69),
 ((392, 612, 24), 69),
 ((392, 636, 24), 69),
 ((436, 520, 0), 69),
 ((436, 549, 0), 69),
 ((436, 701, 0), 69),
 ((436, 736, 0), 69),
 ((436, 785, 0), 69),
 ((436, 719, 11), 69),
 ((436, 339, 17), 69),
 ((436, 21, 24), 69),
 ((436, 51, 24), 69),
 ((436, 168, 24), 69),
 ((436, 198, 24), 69),
 ((436, 425, 24), 69),
 ((436, 612, 24), 69),
 ((436, 636, 24), 69),
 ((436, 670, 24), 69),
 ((520, 549, 0), 69),
 ((520, 701, 0), 69),
 ((520, 736, 0), 69),
 ((520, 785, 0), 69),
 ((520, 719, 11), 69),
 ((520, 339, 17), 69),
 ((520, 21, 24), 69),
 ((520, 51, 24), 69),
 ((520, 168, 24), 69),
 ((520, 198, 24), 69),
 ((520, 425, 24), 69),
 ((520, 612, 24), 69),
 ((520, 636, 24), 69),
 ((520, 670, 24), 69),
 ((520, 700, 24), 69),
 ((549, 701, 0), 69),
 ((549, 736, 0), 69),
 ((549, 785, 0), 69),
 ((549, 719, 11), 69),
 ((549, 339, 17), 69),
 ((549, 21, 24), 69),
 ((549, 51, 24), 69),
 ((549, 168, 24), 69),
 ((549, 198, 24), 69),
 ((549, 425, 24), 69),
 ((549, 612, 24), 69),
 ((549, 636, 24), 69),
 ((549, 670, 24), 69),
 ((549, 700, 24), 69),
 ((549, 735, 24), 69),
 ((701, 736, 0), 69),
 ((701, 785, 0), 69),
 ((701, 719, 11), 69),
 ((701, 339, 17), 69),
 ((701, 21, 24), 69),
 ((701, 51, 24), 69),
 ((701, 168, 24), 69),
 ((701, 198, 24), 69),
 ((701, 425, 24), 69),
 ((701, 612, 24), 69),
 ((701, 636, 24), 69),
 ((701, 670, 24), 69),
 ((701, 700, 24), 69),
 ((701, 735, 24), 69),
 ((701, 786, 24), 69),
 ((736, 785, 0), 69),
 ((736, 719, 11), 69),
 ((736, 339, 17), 69),
 ((736, 21, 24), 69),
 ((736, 51, 24), 69),
 ((736, 168, 24), 69),
 ((736, 198, 24), 69),
 ((736, 425, 24), 69),
 ((736, 612, 24), 69),
 ((736, 636, 24), 69),
 ((736, 670, 24), 69),
 ((736, 700, 24), 69),
 ((736, 735, 24), 69),
 ((736, 786, 24), 69),
 ((736, 134, 25), 69),
 ((785, 719, 11), 69),
 ((785, 339, 17), 69),
 ((785, 21, 24), 69),
 ((785, 51, 24), 69),
 ((785, 168, 24), 69),
 ((785, 198, 24), 69),
 ((785, 425, 24), 69),
 ((785, 612, 24), 69),
 ((785, 636, 24), 69),
 ((785, 670, 24), 69),
 ((785, 700, 24), 69),
 ((785, 735, 24), 69),
 ((785, 786, 24), 69),
 ((785, 134, 25), 69),
 ((785, 239, 25), 69),
 ((719, 339, 6), 80),
 ((719, 21, 13), 80),
 ((719, 51, 13), 80),
 ((719, 168, 13), 80),
 ((719, 198, 13), 80),
 ((719, 425, 13), 80),
 ((719, 612, 13), 80),
 ((719, 636, 13), 80),
 ((719, 670, 13), 80),
 ((719, 700, 13), 80),
 ((719, 735, 13), 80),
 ((719, 786, 13), 80),
 ((719, 134, 14), 80),
 ((719, 239, 14), 80),
 ((719, 287, 14), 80),
 ((339, 21, 7), 86),
 ((339, 51, 7), 86),
 ((339, 168, 7), 86),
 ((339, 198, 7), 86),
 ((339, 425, 7), 86),
 ((339, 612, 7), 86),
 ((339, 636, 7), 86),
 ((339, 670, 7), 86),
 ((339, 700, 7), 86),
 ((339, 735, 7), 86),
 ((339, 786, 7), 86),
 ((339, 134, 8), 86),
 ((339, 239, 8), 86),
 ((339, 287, 8), 86),
 ((339, 477, 8), 86),
 ((21, 51, 0), 93),
 ((21, 168, 0), 93),
 ((21, 198, 0), 93),
 ((21, 425, 0), 93),
 ((21, 612, 0), 93),
 ((21, 636, 0), 93),
 ((21, 670, 0), 93),
 ((21, 700, 0), 93),
 ((21, 735, 0), 93),
 ((21, 786, 0), 93),
 ((21, 134, 1), 93),
 ((21, 239, 1), 93),
 ((21, 287, 1), 93),
 ((21, 477, 1), 93),
 ((21, 521, 1), 93),
 ((51, 168, 0), 93),
 ((51, 198, 0), 93),
 ((51, 425, 0), 93),
 ((51, 612, 0), 93),
 ((51, 636, 0), 93),
 ((51, 670, 0), 93),
 ((51, 700, 0), 93),
 ((51, 735, 0), 93),
 ((51, 786, 0), 93),
 ((51, 134, 1), 93),
 ((51, 239, 1), 93),
 ((51, 287, 1), 93),
 ((51, 477, 1), 93),
 ((51, 521, 1), 93),
 ((51, 81, 2), 93),
 ((168, 198, 0), 93),
 ((168, 425, 0), 93),
 ((168, 612, 0), 93),
 ((168, 636, 0), 93),
 ((168, 670, 0), 93),
 ((168, 700, 0), 93),
 ((168, 735, 0), 93),
 ((168, 786, 0), 93),
 ((168, 134, 1), 93),
 ((168, 239, 1), 93),
 ((168, 287, 1), 93),
 ((168, 477, 1), 93),
 ((168, 521, 1), 93),
 ((168, 81, 2), 93),
 ((168, 167, 23), 93),
 ((198, 425, 0), 93),
 ((198, 612, 0), 93),
 ((198, 636, 0), 93),
 ((198, 670, 0), 93),
 ((198, 700, 0), 93),
 ((198, 735, 0), 93),
 ((198, 786, 0), 93),
 ((198, 134, 1), 93),
 ((198, 239, 1), 93),
 ((198, 287, 1), 93),
 ((198, 477, 1), 93),
 ((198, 521, 1), 93),
 ((198, 81, 2), 93),
 ((198, 167, 23), 93),
 ((198, 22, 24), 93),
 ((425, 612, 0), 93),
 ((425, 636, 0), 93),
 ((425, 670, 0), 93),
 ((425, 700, 0), 93),
 ((425, 735, 0), 93),
 ((425, 786, 0), 93),
 ((425, 134, 1), 93),
 ((425, 239, 1), 93),
 ((425, 287, 1), 93),
 ((425, 477, 1), 93),
 ((425, 521, 1), 93),
 ((425, 81, 2), 93),
 ((425, 167, 23), 93),
 ((425, 22, 24), 93),
 ((425, 282, 24), 93),
 ((612, 636, 0), 93),
 ((612, 670, 0), 93),
 ((612, 700, 0), 93),
 ((612, 735, 0), 93),
 ((612, 786, 0), 93),
 ((612, 134, 1), 93),
 ((612, 239, 1), 93),
 ((612, 287, 1), 93),
 ((612, 477, 1), 93),
 ((612, 521, 1), 93),
 ((612, 81, 2), 93),
 ((612, 167, 23), 93),
 ((612, 22, 24), 93),
 ((612, 282, 24), 93),
 ((612, 348, 24), 93),
 ((636, 670, 0), 93),
 ((636, 700, 0), 93),
 ((636, 735, 0), 93),
 ((636, 786, 0), 93),
 ((636, 134, 1), 93),
 ((636, 239, 1), 93),
 ((636, 287, 1), 93),
 ((636, 477, 1), 93),
 ((636, 521, 1), 93),
 ((636, 81, 2), 93),
 ((636, 167, 23), 93),
 ((636, 22, 24), 93),
 ((636, 282, 24), 93),
 ((636, 348, 24), 93),
 ((636, 473, 24), 93),
 ((670, 700, 0), 93),
 ((670, 735, 0), 93),
 ((670, 786, 0), 93),
 ((670, 134, 1), 93),
 ((670, 239, 1), 93),
 ((670, 287, 1), 93),
 ((670, 477, 1), 93),
 ((670, 521, 1), 93),
 ((670, 81, 2), 93),
 ((670, 167, 23), 93),
 ((670, 22, 24), 93),
 ((670, 282, 24), 93),
 ((670, 348, 24), 93),
 ((670, 473, 24), 93),
 ((670, 599, 24), 93),
 ((700, 735, 0), 93),
 ((700, 786, 0), 93),
 ((700, 134, 1), 93),
 ((700, 239, 1), 93),
 ((700, 287, 1), 93),
 ((700, 477, 1), 93),
 ((700, 521, 1), 93),
 ((700, 81, 2), 93),
 ((700, 167, 23), 93),
 ((700, 22, 24), 93),
 ((700, 282, 24), 93),
 ((700, 348, 24), 93),
 ((700, 473, 24), 93),
 ((700, 599, 24), 93),
 ((700, 705, 24), 93),
 ((735, 786, 0), 93),
 ((735, 134, 1), 93),
 ((735, 239, 1), 93),
 ((735, 287, 1), 93),
 ((735, 477, 1), 93),
 ((735, 521, 1), 93),
 ((735, 81, 2), 93),
 ((735, 167, 23), 93),
 ((735, 22, 24), 93),
 ((735, 282, 24), 93),
 ((735, 348, 24), 93),
 ((735, 473, 24), 93),
 ((735, 599, 24), 93),
 ((735, 705, 24), 93),
 ((735, 98, 25), 93),
 ((786, 134, 1), 93),
 ((786, 239, 1), 93),
 ((786, 287, 1), 93),
 ((786, 477, 1), 93),
 ((786, 521, 1), 93),
 ((786, 81, 2), 93),
 ((786, 167, 23), 93),
 ((786, 22, 24), 93),
 ((786, 282, 24), 93),
 ((786, 348, 24), 93),
 ((786, 473, 24), 93),
 ((786, 599, 24), 93),
 ((786, 705, 24), 93),
 ((786, 98, 25), 93),
 ((786, 131, 25), 93),
 ((134, 239, 0), 94),
 ((134, 287, 0), 94),
 ((134, 477, 0), 94),
 ((134, 521, 0), 94),
 ((134, 81, 1), 94),
 ((134, 167, 22), 94),
 ((134, 22, 23), 94),
 ((134, 282, 23), 94),
 ((134, 348, 23), 94),
 ((134, 473, 23), 94),
 ((134, 599, 23), 94),
 ((134, 705, 23), 94),
 ((134, 98, 24), 94),
 ((134, 131, 24), 94),
 ((134, 242, 24), 94),
 ((239, 287, 0), 94),
 ((239, 477, 0), 94),
 ((239, 521, 0), 94),
 ((239, 81, 1), 94),
 ((239, 167, 22), 94),
 ((239, 22, 23), 94),
 ((239, 282, 23), 94),
 ((239, 348, 23), 94),
 ((239, 473, 23), 94),
 ((239, 599, 23), 94),
 ((239, 705, 23), 94),
 ((239, 98, 24), 94),
 ((239, 131, 24), 94),
 ((239, 242, 24), 94),
 ((239, 433, 24), 94),
 ((287, 477, 0), 94),
 ((287, 521, 0), 94),
 ((287, 81, 1), 94),
 ((287, 167, 22), 94),
 ((287, 22, 23), 94),
 ((287, 282, 23), 94),
 ((287, 348, 23), 94),
 ((287, 473, 23), 94),
 ((287, 599, 23), 94),
 ((287, 705, 23), 94),
 ((287, 98, 24), 94),
 ((287, 131, 24), 94),
 ((287, 242, 24), 94),
 ((287, 433, 24), 94),
 ((287, 498, 24), 94),
 ((477, 521, 0), 94),
 ((477, 81, 1), 94),
 ((477, 167, 22), 94),
 ((477, 22, 23), 94),
 ((477, 282, 23), 94),
 ((477, 348, 23), 94),
 ((477, 473, 23), 94),
 ((477, 599, 23), 94),
 ((477, 705, 23), 94),
 ((477, 98, 24), 94),
 ((477, 131, 24), 94),
 ((477, 242, 24), 94),
 ((477, 433, 24), 94),
 ((477, 498, 24), 94),
 ((477, 536, 24), 94),
 ((521, 81, 1), 94),
 ((521, 167, 22), 94),
 ((521, 22, 23), 94),
 ((521, 282, 23), 94),
 ((521, 348, 23), 94),
 ((521, 473, 23), 94),
 ((521, 599, 23), 94),
 ((521, 705, 23), 94),
 ((521, 98, 24), 94),
 ((521, 131, 24), 94),
 ((521, 242, 24), 94),
 ((521, 433, 24), 94),
 ((521, 498, 24), 94),
 ((521, 536, 24), 94),
 ((521, 643, 24), 94),
 ((81, 167, 21), 95),
 ((81, 22, 22), 95),
 ((81, 282, 22), 95),
 ((81, 348, 22), 95),
 ((81, 473, 22), 95),
 ((81, 599, 22), 95),
 ((81, 705, 22), 95),
 ((81, 98, 23), 95),
 ((81, 131, 23), 95),
 ((81, 242, 23), 95),
 ((81, 433, 23), 95),
 ((81, 498, 23), 95),
 ((81, 536, 23), 95),
 ((81, 643, 23), 95),
 ((81, 561, 24), 95),
 ((167, 22, 1), 116),
 ((167, 282, 1), 116),
 ((167, 348, 1), 116),
 ((167, 473, 1), 116),
 ((167, 599, 1), 116),
 ((167, 705, 1), 116),
 ((167, 98, 2), 116),
 ((167, 131, 2), 116),
 ((167, 242, 2), 116),
 ((167, 433, 2), 116),
 ((167, 498, 2), 116),
 ((167, 536, 2), 116),
 ((167, 643, 2), 116),
 ((167, 561, 3), 116),
 ((167, 676, 13), 116),
 ((22, 282, 0), 117),
 ((22, 348, 0), 117),
 ((22, 473, 0), 117),
 ((22, 599, 0), 117),
 ((22, 705, 0), 117),
 ((22, 98, 1), 117),
 ((22, 131, 1), 117),
 ((22, 242, 1), 117),
 ((22, 433, 1), 117),
 ((22, 498, 1), 117),
 ((22, 536, 1), 117),
 ((22, 643, 1), 117),
 ((22, 561, 2), 117),
 ((22, 676, 12), 117),
 ((22, 25, 24), 117),
 ((282, 348, 0), 117),
 ((282, 473, 0), 117),
 ((282, 599, 0), 117),
 ((282, 705, 0), 117),
 ((282, 98, 1), 117),
 ((282, 131, 1), 117),
 ((282, 242, 1), 117),
 ((282, 433, 1), 117),
 ((282, 498, 1), 117),
 ((282, 536, 1), 117),
 ((282, 643, 1), 117),
 ((282, 561, 2), 117),
 ((282, 676, 12), 117),
 ((282, 25, 24), 117),
 ((282, 69, 24), 117),
 ((348, 473, 0), 117),
 ((348, 599, 0), 117),
 ((348, 705, 0), 117),
 ((348, 98, 1), 117),
 ((348, 131, 1), 117),
 ((348, 242, 1), 117),
 ((348, 433, 1), 117),
 ((348, 498, 1), 117),
 ((348, 536, 1), 117),
 ((348, 643, 1), 117),
 ((348, 561, 2), 117),
 ((348, 676, 12), 117),
 ((348, 25, 24), 117),
 ((348, 69, 24), 117),
 ((348, 169, 24), 117),
 ((473, 599, 0), 117),
 ((473, 705, 0), 117),
 ((473, 98, 1), 117),
 ((473, 131, 1), 117),
 ((473, 242, 1), 117),
 ((473, 433, 1), 117),
 ((473, 498, 1), 117),
 ((473, 536, 1), 117),
 ((473, 643, 1), 117),
 ((473, 561, 2), 117),
 ((473, 676, 12), 117),
 ((473, 25, 24), 117),
 ((473, 69, 24), 117),
 ((473, 169, 24), 117),
 ((473, 343, 24), 117),
 ((599, 705, 0), 117),
 ((599, 98, 1), 117),
 ((599, 131, 1), 117),
 ((599, 242, 1), 117),
 ((599, 433, 1), 117),
 ((599, 498, 1), 117),
 ((599, 536, 1), 117),
 ((599, 643, 1), 117),
 ((599, 561, 2), 117),
 ((599, 676, 12), 117),
 ((599, 25, 24), 117),
 ((599, 69, 24), 117),
 ((599, 169, 24), 117),
 ((599, 343, 24), 117),
 ((599, 392, 24), 117),
 ((705, 98, 1), 117),
 ((705, 131, 1), 117),
 ((705, 242, 1), 117),
 ((705, 433, 1), 117),
 ((705, 498, 1), 117),
 ((705, 536, 1), 117),
 ((705, 643, 1), 117),
 ((705, 561, 2), 117),
 ((705, 676, 12), 117),
 ((705, 25, 24), 117),
 ((705, 69, 24), 117),
 ((705, 169, 24), 117),
 ((705, 343, 24), 117),
 ((705, 392, 24), 117),
 ((705, 493, 24), 117),
 ((98, 131, 0), 118),
 ((98, 242, 0), 118),
 ((98, 433, 0), 118),
 ((98, 498, 0), 118),
 ((98, 536, 0), 118),
 ((98, 643, 0), 118),
 ((98, 561, 1), 118),
 ((98, 676, 11), 118),
 ((98, 25, 23), 118),
 ((98, 69, 23), 118),
 ((98, 169, 23), 118),
 ((98, 343, 23), 118),
 ((98, 392, 23), 118),
 ((98, 493, 23), 118),
 ((98, 623, 23), 118),
 ((131, 242, 0), 118),
 ((131, 433, 0), 118),
 ((131, 498, 0), 118),
 ((131, 536, 0), 118),
 ((131, 643, 0), 118),
 ((131, 561, 1), 118),
 ((131, 676, 11), 118),
 ((131, 25, 23), 118),
 ((131, 69, 23), 118),
 ((131, 169, 23), 118),
 ((131, 343, 23), 118),
 ((131, 392, 23), 118),
 ((131, 493, 23), 118),
 ((131, 623, 23), 118),
 ((131, 96, 24), 118),
 ((242, 433, 0), 118),
 ((242, 498, 0), 118),
 ((242, 536, 0), 118),
 ((242, 643, 0), 118),
 ((242, 561, 1), 118),
 ((242, 676, 11), 118),
 ((242, 25, 23), 118),
 ((242, 69, 23), 118),
 ((242, 169, 23), 118),
 ((242, 343, 23), 118),
 ((242, 392, 23), 118),
 ((242, 493, 23), 118),
 ((242, 623, 23), 118),
 ((242, 96, 24), 118),
 ((242, 213, 24), 118),
 ((433, 498, 0), 118),
 ((433, 536, 0), 118),
 ((433, 643, 0), 118),
 ((433, 561, 1), 118),
 ((433, 676, 11), 118),
 ((433, 25, 23), 118),
 ((433, 69, 23), 118),
 ((433, 169, 23), 118),
 ((433, 343, 23), 118),
 ((433, 392, 23), 118),
 ((433, 493, 23), 118),
 ((433, 623, 23), 118),
 ((433, 96, 24), 118),
 ((433, 213, 24), 118),
 ((433, 276, 24), 118),
 ((498, 536, 0), 118),
 ((498, 643, 0), 118),
 ((498, 561, 1), 118),
 ((498, 676, 11), 118),
 ((498, 25, 23), 118),
 ((498, 69, 23), 118),
 ((498, 169, 23), 118),
 ((498, 343, 23), 118),
 ((498, 392, 23), 118),
 ((498, 493, 23), 118),
 ((498, 623, 23), 118),
 ((498, 96, 24), 118),
 ((498, 213, 24), 118),
 ((498, 276, 24), 118),
 ((498, 538, 24), 118),
 ((536, 643, 0), 118),
 ((536, 561, 1), 118),
 ((536, 676, 11), 118),
 ((536, 25, 23), 118),
 ((536, 69, 23), 118),
 ((536, 169, 23), 118),
 ((536, 343, 23), 118),
 ((536, 392, 23), 118),
 ((536, 493, 23), 118),
 ((536, 623, 23), 118),
 ((536, 96, 24), 118),
 ((536, 213, 24), 118),
 ((536, 276, 24), 118),
 ((536, 538, 24), 118),
 ((536, 587, 24), 118),
 ((643, 561, 1), 118),
 ((643, 676, 11), 118),
 ((643, 25, 23), 118),
 ((643, 69, 23), 118),
 ((643, 169, 23), 118),
 ((643, 343, 23), 118),
 ((643, 392, 23), 118),
 ((643, 493, 23), 118),
 ((643, 623, 23), 118),
 ((643, 96, 24), 118),
 ((643, 213, 24), 118),
 ((643, 276, 24), 118),
 ((643, 538, 24), 118),
 ((643, 587, 24), 118),
 ((643, 706, 24), 118),
 ((561, 676, 10), 119),
 ((561, 25, 22), 119),
 ((561, 69, 22), 119),
 ((561, 169, 22), 119),
 ((561, 343, 22), 119),
 ((561, 392, 22), 119),
 ((561, 493, 22), 119),
 ((561, 623, 22), 119),
 ((561, 96, 23), 119),
 ((561, 213, 23), 119),
 ((561, 276, 23), 119),
 ((561, 538, 23), 119),
 ((561, 587, 23), 119),
 ((561, 706, 23), 119),
 ((561, 131, 24), 119),
 ((676, 25, 12), 129),
 ((676, 69, 12), 129),
 ((676, 169, 12), 129),
 ((676, 343, 12), 129),
 ((676, 392, 12), 129),
 ((676, 493, 12), 129),
 ((676, 623, 12), 129),
 ((676, 96, 13), 129),
 ((676, 213, 13), 129),
 ((676, 276, 13), 129),
 ((676, 538, 13), 129),
 ((676, 587, 13), 129),
 ((676, 706, 13), 129),
 ((676, 131, 14), 129),
 ((676, 433, 14), 129),
 ((25, 69, 0), 141),
 ((25, 169, 0), 141),
 ((25, 343, 0), 141),
 ((25, 392, 0), 141),
 ((25, 493, 0), 141),
 ((25, 623, 0), 141),
 ((25, 96, 1), 141),
 ((25, 213, 1), 141),
 ((25, 276, 1), 141),
 ((25, 538, 1), 141),
 ((25, 587, 1), 141),
 ((25, 706, 1), 141),
 ((25, 131, 2), 141),
 ((25, 433, 2), 141),
 ((25, 735, 2), 141),
 ((69, 169, 0), 141),
 ((69, 343, 0), 141),
 ((69, 392, 0), 141),
 ((69, 493, 0), 141),
 ((69, 623, 0), 141),
 ((69, 96, 1), 141),
 ((69, 213, 1), 141),
 ((69, 276, 1), 141),
 ((69, 538, 1), 141),
 ((69, 587, 1), 141),
 ((69, 706, 1), 141),
 ((69, 131, 2), 141),
 ((69, 433, 2), 141),
 ((69, 735, 2), 141),
 ((69, 251, 3), 141),
 ((169, 343, 0), 141),
 ((169, 392, 0), 141),
 ((169, 493, 0), 141),
 ((169, 623, 0), 141),
 ((169, 96, 1), 141),
 ((169, 213, 1), 141),
 ((169, 276, 1), 141),
 ((169, 538, 1), 141),
 ((169, 587, 1), 141),
 ((169, 706, 1), 141),
 ((169, 131, 2), 141),
 ((169, 433, 2), 141),
 ((169, 735, 2), 141),
 ((169, 251, 3), 141),
 ((169, 21, 25), 141),
 ((343, 392, 0), 141),
 ((343, 493, 0), 141),
 ((343, 623, 0), 141),
 ((343, 96, 1), 141),
 ((343, 213, 1), 141),
 ((343, 276, 1), 141),
 ((343, 538, 1), 141),
 ((343, 587, 1), 141),
 ((343, 706, 1), 141),
 ((343, 131, 2), 141),
 ((343, 433, 2), 141),
 ((343, 735, 2), 141),
 ((343, 251, 3), 141),
 ((343, 21, 25), 141),
 ((343, 168, 25), 141),
 ((392, 493, 0), 141),
 ((392, 623, 0), 141),
 ((392, 96, 1), 141),
 ((392, 213, 1), 141),
 ((392, 276, 1), 141),
 ((392, 538, 1), 141),
 ((392, 587, 1), 141),
 ((392, 706, 1), 141),
 ((392, 131, 2), 141),
 ((392, 433, 2), 141),
 ((392, 735, 2), 141),
 ((392, 251, 3), 141),
 ((392, 21, 25), 141),
 ((392, 168, 25), 141),
 ((392, 282, 25), 141),
 ((493, 623, 0), 141),
 ((493, 96, 1), 141),
 ((493, 213, 1), 141),
 ((493, 276, 1), 141),
 ((493, 538, 1), 141),
 ((493, 587, 1), 141),
 ((493, 706, 1), 141),
 ((493, 131, 2), 141),
 ((493, 433, 2), 141),
 ((493, 735, 2), 141),
 ((493, 251, 3), 141),
 ((493, 21, 25), 141),
 ((493, 168, 25), 141),
 ((493, 282, 25), 141),
 ((493, 348, 25), 141),
 ((623, 96, 1), 141),
 ((623, 213, 1), 141),
 ((623, 276, 1), 141),
 ((623, 538, 1), 141),
 ((623, 587, 1), 141),
 ((623, 706, 1), 141),
 ((623, 131, 2), 141),
 ((623, 433, 2), 141),
 ((623, 735, 2), 141),
 ((623, 251, 3), 141),
 ((623, 21, 25), 141),
 ((623, 168, 25), 141),
 ((623, 282, 25), 141),
 ((623, 348, 25), 141),
 ((623, 699, 25), 141),
 ((96, 213, 0), 142),
 ((96, 276, 0), 142),
 ((96, 538, 0), 142),
 ((96, 587, 0), 142),
 ((96, 706, 0), 142),
 ((96, 131, 1), 142),
 ((96, 433, 1), 142),
 ((96, 735, 1), 142),
 ((96, 251, 2), 142),
 ((96, 21, 24), 142),
 ((96, 168, 24), 142),
 ((96, 282, 24), 142),
 ((96, 348, 24), 142),
 ((96, 699, 24), 142),
 ((96, 726, 24), 142),
 ((213, 276, 0), 142),
 ((213, 538, 0), 142),
 ((213, 587, 0), 142),
 ((213, 706, 0), 142),
 ((213, 131, 1), 142),
 ((213, 433, 1), 142),
 ((213, 735, 1), 142),
 ((213, 251, 2), 142),
 ((213, 21, 24), 142),
 ((213, 168, 24), 142),
 ((213, 282, 24), 142),
 ((213, 348, 24), 142),
 ((213, 699, 24), 142),
 ((213, 726, 24), 142),
 ((213, 760, 24), 142),
 ((276, 538, 0), 142),
 ((276, 587, 0), 142),
 ((276, 706, 0), 142),
 ((276, 131, 1), 142),
 ((276, 433, 1), 142),
 ((276, 735, 1), 142),
 ((276, 251, 2), 142),
 ((276, 21, 24), 142),
 ((276, 168, 24), 142),
 ((276, 282, 24), 142),
 ((276, 348, 24), 142),
 ((276, 699, 24), 142),
 ((276, 726, 24), 142),
 ((276, 760, 24), 142),
 ((276, 50, 25), 142),
 ((538, 587, 0), 142),
 ((538, 706, 0), 142),
 ((538, 131, 1), 142),
 ((538, 433, 1), 142),
 ((538, 735, 1), 142),
 ((538, 251, 2), 142),
 ((538, 21, 24), 142),
 ((538, 168, 24), 142),
 ((538, 282, 24), 142),
 ((538, 348, 24), 142),
 ((538, 699, 24), 142),
 ((538, 726, 24), 142),
 ((538, 760, 24), 142),
 ((538, 50, 25), 142),
 ((538, 465, 25), 142),
 ((587, 706, 0), 142),
 ((587, 131, 1), 142),
 ((587, 433, 1), 142),
 ((587, 735, 1), 142),
 ((587, 251, 2), 142),
 ((587, 21, 24), 142),
 ((587, 168, 24), 142),
 ((587, 282, 24), 142),
 ((587, 348, 24), 142),
 ((587, 699, 24), 142),
 ((587, 726, 24), 142),
 ((587, 760, 24), 142),
 ((587, 50, 25), 142),
 ((587, 465, 25), 142),
 ((587, 513, 25), 142),
 ((706, 131, 1), 142),
 ((706, 433, 1), 142),
 ((706, 735, 1), 142),
 ((706, 251, 2), 142),
 ((706, 21, 24), 142),
 ((706, 168, 24), 142),
 ((706, 282, 24), 142),
 ((706, 348, 24), 142),
 ((706, 699, 24), 142),
 ((706, 726, 24), 142),
 ((706, 760, 24), 142),
 ((706, 50, 25), 142),
 ((706, 465, 25), 142),
 ((706, 513, 25), 142),
 ((706, 638, 25), 142),
 ((131, 433, 0), 143),
 ((131, 735, 0), 143),
 ((131, 251, 1), 143),
 ((131, 21, 23), 143),
 ((131, 168, 23), 143),
 ((131, 282, 23), 143),
 ((131, 348, 23), 143),
 ((131, 699, 23), 143),
 ((131, 726, 23), 143),
 ((131, 760, 23), 143),
 ((131, 50, 24), 143),
 ((131, 465, 24), 143),
 ((131, 513, 24), 143),
 ((131, 638, 24), 143),
 ((131, 663, 24), 143),
 ((433, 735, 0), 143),
 ((433, 251, 1), 143),
 ((433, 21, 23), 143),
 ((433, 168, 23), 143),
 ((433, 282, 23), 143),
 ((433, 348, 23), 143),
 ((433, 699, 23), 143),
 ((433, 726, 23), 143),
 ((433, 760, 23), 143),
 ((433, 50, 24), 143),
 ((433, 465, 24), 143),
 ((433, 513, 24), 143),
 ((433, 638, 24), 143),
 ((433, 663, 24), 143),
 ((433, 781, 24), 143),
 ((735, 251, 1), 143),
 ((735, 21, 23), 143),
 ((735, 168, 23), 143),
 ((735, 282, 23), 143),
 ((735, 348, 23), 143),
 ((735, 699, 23), 143),
 ((735, 726, 23), 143),
 ((735, 760, 23), 143),
 ((735, 50, 24), 143),
 ((735, 465, 24), 143),
 ((735, 513, 24), 143),
 ((735, 638, 24), 143),
 ((735, 663, 24), 143),
 ((735, 781, 24), 143),
 ((735, 134, 25), 143),
 ((251, 21, 22), 144),
 ((251, 168, 22), 144),
 ((251, 282, 22), 144),
 ((251, 348, 22), 144),
 ((251, 699, 22), 144),
 ((251, 726, 22), 144),
 ((251, 760, 22), 144),
 ((251, 50, 23), 144),
 ((251, 465, 23), 144),
 ((251, 513, 23), 144),
 ((251, 638, 23), 144),
 ((251, 663, 23), 144),
 ((251, 781, 23), 144),
 ((251, 134, 24), 144),
 ((251, 207, 24), 144),
 ((21, 168, 0), 166),
 ((21, 282, 0), 166),
 ((21, 348, 0), 166),
 ((21, 699, 0), 166),
 ((21, 726, 0), 166),
 ((21, 760, 0), 166),
 ((21, 50, 1), 166),
 ((21, 465, 1), 166),
 ((21, 513, 1), 166),
 ((21, 638, 1), 166),
 ((21, 663, 1), 166),
 ((21, 781, 1), 166),
 ((21, 134, 2), 166),
 ((21, 207, 2), 166),
 ((21, 247, 2), 166),
 ((168, 282, 0), 166),
 ((168, 348, 0), 166),
 ((168, 699, 0), 166),
 ((168, 726, 0), 166),
 ((168, 760, 0), 166),
 ((168, 50, 1), 166),
 ((168, 465, 1), 166),
 ((168, 513, 1), 166),
 ((168, 638, 1), 166),
 ((168, 663, 1), 166),
 ((168, 781, 1), 166),
 ((168, 134, 2), 166),
 ((168, 207, 2), 166),
 ((168, 247, 2), 166),
 ((168, 392, 2), 166),
 ((282, 348, 0), 166),
 ((282, 699, 0), 166),
 ((282, 726, 0), 166),
 ((282, 760, 0), 166),
 ((282, 50, 1), 166),
 ((282, 465, 1), 166),
 ((282, 513, 1), 166),
 ((282, 638, 1), 166),
 ((282, 663, 1), 166),
 ((282, 781, 1), 166),
 ((282, 134, 2), 166),
 ((282, 207, 2), 166),
 ((282, 247, 2), 166),
 ((282, 392, 2), 166),
 ((282, 415, 2), 166),
 ((348, 699, 0), 166),
 ((348, 726, 0), 166),
 ((348, 760, 0), 166),
 ((348, 50, 1), 166),
 ((348, 465, 1), 166),
 ((348, 513, 1), 166),
 ((348, 638, 1), 166),
 ((348, 663, 1), 166),
 ((348, 781, 1), 166),
 ((348, 134, 2), 166),
 ((348, 207, 2), 166),
 ((348, 247, 2), 166),
 ((348, 392, 2), 166),
 ((348, 415, 2), 166),
 ((348, 81, 3), 166),
 ((699, 726, 0), 166),
 ((699, 760, 0), 166),
 ((699, 50, 1), 166),
 ((699, 465, 1), 166),
 ((699, 513, 1), 166),
 ((699, 638, 1), 166),
 ((699, 663, 1), 166),
 ((699, 781, 1), 166),
 ((699, 134, 2), 166),
 ((699, 207, 2), 166),
 ((699, 247, 2), 166),
 ((699, 392, 2), 166),
 ((699, 415, 2), 166),
 ((699, 81, 3), 166),
 ((699, 588, 12), 166),
 ((726, 760, 0), 166),
 ((726, 50, 1), 166),
 ((726, 465, 1), 166),
 ((726, 513, 1), 166),
 ((726, 638, 1), 166),
 ((726, 663, 1), 166),
 ((726, 781, 1), 166),
 ((726, 134, 2), 166),
 ((726, 207, 2), 166),
 ((726, 247, 2), 166),
 ((726, 392, 2), 166),
 ((726, 415, 2), 166),
 ((726, 81, 3), 166),
 ((726, 588, 12), 166),
 ((726, 131, 24), 166),
 ((760, 50, 1), 166),
 ((760, 465, 1), 166),
 ((760, 513, 1), 166),
 ((760, 638, 1), 166),
 ((760, 663, 1), 166),
 ((760, 781, 1), 166),
 ((760, 134, 2), 166),
 ((760, 207, 2), 166),
 ((760, 247, 2), 166),
 ((760, 392, 2), 166),
 ((760, 415, 2), 166),
 ((760, 81, 3), 166),
 ((760, 588, 12), 166),
 ((760, 131, 24), 166),
 ((760, 21, 25), 166),
 ((50, 465, 0), 167),
 ((50, 513, 0), 167),
 ((50, 638, 0), 167),
 ((50, 663, 0), 167),
 ((50, 781, 0), 167),
 ((50, 134, 1), 167),
 ((50, 207, 1), 167),
 ((50, 247, 1), 167),
 ((50, 392, 1), 167),
 ((50, 415, 1), 167),
 ((50, 81, 2), 167),
 ((50, 588, 11), 167),
 ((50, 131, 23), 167),
 ((50, 21, 24), 167),
 ((50, 95, 24), 167),
 ((465, 513, 0), 167),
 ((465, 638, 0), 167),
 ((465, 663, 0), 167),
 ((465, 781, 0), 167),
 ((465, 134, 1), 167),
 ((465, 207, 1), 167),
 ((465, 247, 1), 167),
 ((465, 392, 1), 167),
 ((465, 415, 1), 167),
 ((465, 81, 2), 167),
 ((465, 588, 11), 167),
 ((465, 131, 23), 167),
 ((465, 21, 24), 167),
 ((465, 95, 24), 167),
 ((465, 169, 24), 167),
 ((513, 638, 0), 167),
 ((513, 663, 0), 167),
 ((513, 781, 0), 167),
 ((513, 134, 1), 167),
 ((513, 207, 1), 167),
 ((513, 247, 1), 167),
 ((513, 392, 1), 167),
 ((513, 415, 1), 167),
 ((513, 81, 2), 167),
 ((513, 588, 11), 167),
 ((513, 131, 23), 167),
 ((513, 21, 24), 167),
 ((513, 95, 24), 167),
 ((513, 169, 24), 167),
 ((513, 199, 24), 167),
 ((638, 663, 0), 167),
 ((638, 781, 0), 167),
 ((638, 134, 1), 167),
 ((638, 207, 1), 167),
 ((638, 247, 1), 167),
 ((638, 392, 1), 167),
 ((638, 415, 1), 167),
 ((638, 81, 2), 167),
 ((638, 588, 11), 167),
 ((638, 131, 23), 167),
 ((638, 21, 24), 167),
 ((638, 95, 24), 167),
 ((638, 169, 24), 167),
 ((638, 199, 24), 167),
 ((638, 243, 24), 167),
 ((663, 781, 0), 167),
 ((663, 134, 1), 167),
 ((663, 207, 1), 167),
 ((663, 247, 1), 167),
 ((663, 392, 1), 167),
 ((663, 415, 1), 167),
 ((663, 81, 2), 167),
 ((663, 588, 11), 167),
 ((663, 131, 23), 167),
 ((663, 21, 24), 167),
 ((663, 95, 24), 167),
 ((663, 169, 24), 167),
 ((663, 199, 24), 167),
 ((663, 243, 24), 167),
 ((663, 285, 24), 167),
 ((781, 134, 1), 167),
 ((781, 207, 1), 167),
 ((781, 247, 1), 167),
 ((781, 392, 1), 167),
 ((781, 415, 1), 167),
 ((781, 81, 2), 167),
 ((781, 588, 11), 167),
 ((781, 131, 23), 167),
 ((781, 21, 24), 167),
 ((781, 95, 24), 167),
 ((781, 169, 24), 167),
 ((781, 199, 24), 167),
 ((781, 243, 24), 167),
 ((781, 285, 24), 167),
 ((781, 348, 24), 167),
 ((134, 207, 0), 168),
 ((134, 247, 0), 168),
 ((134, 392, 0), 168),
 ((134, 415, 0), 168),
 ((134, 81, 1), 168),
 ((134, 588, 10), 168),
 ((134, 131, 22), 168),
 ((134, 21, 23), 168),
 ((134, 95, 23), 168),
 ((134, 169, 23), 168),
 ((134, 199, 23), 168),
 ((134, 243, 23), 168),
 ((134, 285, 23), 168),
 ((134, 348, 23), 168),
 ((134, 409, 23), 168),
 ((207, 247, 0), 168),
 ((207, 392, 0), 168),
 ((207, 415, 0), 168),
 ((207, 81, 1), 168),
 ((207, 588, 10), 168),
 ((207, 131, 22), 168),
 ((207, 21, 23), 168),
 ((207, 95, 23), 168),
 ((207, 169, 23), 168),
 ((207, 199, 23), 168),
 ((207, 243, 23), 168),
 ((207, 285, 23), 168),
 ((207, 348, 23), 168),
 ((207, 409, 23), 168),
 ((207, 476, 23), 168),
 ((247, 392, 0), 168),
 ((247, 415, 0), 168),
 ((247, 81, 1), 168),
 ((247, 588, 10), 168),
 ((247, 131, 22), 168),
 ((247, 21, 23), 168),
 ((247, 95, 23), 168),
 ((247, 169, 23), 168),
 ((247, 199, 23), 168),
 ((247, 243, 23), 168),
 ((247, 285, 23), 168),
 ((247, 348, 23), 168),
 ((247, 409, 23), 168),
 ((247, 476, 23), 168),
 ((247, 529, 23), 168),
 ((392, 415, 0), 168),
 ((392, 81, 1), 168),
 ((392, 588, 10), 168),
 ((392, 131, 22), 168),
 ((392, 21, 23), 168),
 ((392, 95, 23), 168),
 ((392, 169, 23), 168),
 ((392, 199, 23), 168),
 ((392, 243, 23), 168),
 ((392, 285, 23), 168),
 ((392, 348, 23), 168),
 ((392, 409, 23), 168),
 ((392, 476, 23), 168),
 ((392, 529, 23), 168),
 ((392, 638, 23), 168),
 ((415, 81, 1), 168),
 ((415, 588, 10), 168),
 ((415, 131, 22), 168),
 ((415, 21, 23), 168),
 ((415, 95, 23), 168),
 ((415, 169, 23), 168),
 ((415, 199, 23), 168),
 ((415, 243, 23), 168),
 ((415, 285, 23), 168),
 ((415, 348, 23), 168),
 ((415, 409, 23), 168),
 ((415, 476, 23), 168),
 ((415, 529, 23), 168),
 ((415, 638, 23), 168),
 ((415, 696, 23), 168),
 ((81, 588, 9), 169),
 ((81, 131, 21), 169),
 ((81, 21, 22), 169),
 ((81, 95, 22), 169),
 ((81, 169, 22), 169),
 ((81, 199, 22), 169),
 ((81, 243, 22), 169),
 ((81, 285, 22), 169),
 ((81, 348, 22), 169),
 ((81, 409, 22), 169),
 ((81, 476, 22), 169),
 ((81, 529, 22), 169),
 ((81, 638, 22), 169),
 ((81, 696, 22), 169),
 ((81, 719, 22), 169),
 ((588, 131, 12), 178),
 ((588, 21, 13), 178),
 ((588, 95, 13), 178),
 ((588, 169, 13), 178),
 ((588, 199, 13), 178),
 ((588, 243, 13), 178),
 ((588, 285, 13), 178),
 ((588, 348, 13), 178),
 ((588, 409, 13), 178),
 ((588, 476, 13), 178),
 ((588, 529, 13), 178),
 ((588, 638, 13), 178),
 ((588, 696, 13), 178),
 ((588, 719, 13), 178),
 ((588, 767, 13), 178),
 ((131, 21, 1), 190),
 ((131, 95, 1), 190),
 ((131, 169, 1), 190),
 ((131, 199, 1), 190),
 ((131, 243, 1), 190),
 ((131, 285, 1), 190),
 ((131, 348, 1), 190),
 ((131, 409, 1), 190),
 ((131, 476, 1), 190),
 ((131, 529, 1), 190),
 ((131, 638, 1), 190),
 ((131, 696, 1), 190),
 ((131, 719, 1), 190),
 ((131, 767, 1), 190),
 ((131, 50, 2), 190),
 ((21, 95, 0), 191),
 ((21, 169, 0), 191),
 ((21, 199, 0), 191),
 ((21, 243, 0), 191),
 ((21, 285, 0), 191),
 ((21, 348, 0), 191),
 ((21, 409, 0), 191),
 ((21, 476, 0), 191),
 ((21, 529, 0), 191),
 ((21, 638, 0), 191),
 ((21, 696, 0), 191),
 ((21, 719, 0), 191),
 ((21, 767, 0), 191),
 ((21, 50, 1), 191),
 ((21, 433, 1), 191),
 ((95, 169, 0), 191),
 ((95, 199, 0), 191),
 ((95, 243, 0), 191),
 ((95, 285, 0), 191),
 ((95, 348, 0), 191),
 ((95, 409, 0), 191),
 ((95, 476, 0), 191),
 ((95, 529, 0), 191),
 ((95, 638, 0), 191),
 ((95, 696, 0), 191),
 ((95, 719, 0), 191),
 ((95, 767, 0), 191),
 ((95, 50, 1), 191),
 ((95, 433, 1), 191),
 ((95, 613, 1), 191),
 ((169, 199, 0), 191),
 ((169, 243, 0), 191),
 ((169, 285, 0), 191),
 ((169, 348, 0), 191),
 ((169, 409, 0), 191),
 ((169, 476, 0), 191),
 ((169, 529, 0), 191),
 ((169, 638, 0), 191),
 ((169, 696, 0), 191),
 ((169, 719, 0), 191),
 ((169, 767, 0), 191),
 ((169, 50, 1), 191),
 ((169, 433, 1), 191),
 ((169, 613, 1), 191),
 ((169, 675, 1), 191),
 ((199, 243, 0), 191),
 ((199, 285, 0), 191),
 ((199, 348, 0), 191),
 ((199, 409, 0), 191),
 ((199, 476, 0), 191),
 ((199, 529, 0), 191),
 ((199, 638, 0), 191),
 ((199, 696, 0), 191),
 ((199, 719, 0), 191),
 ((199, 767, 0), 191),
 ((199, 50, 1), 191),
 ((199, 433, 1), 191),
 ((199, 613, 1), 191),
 ((199, 675, 1), 191),
 ((199, 569, 18), 191),
 ((243, 285, 0), 191),
 ((243, 348, 0), 191),
 ((243, 409, 0), 191),
 ((243, 476, 0), 191),
 ((243, 529, 0), 191),
 ((243, 638, 0), 191),
 ((243, 696, 0), 191),
 ((243, 719, 0), 191),
 ((243, 767, 0), 191),
 ((243, 50, 1), 191),
 ((243, 433, 1), 191),
 ((243, 613, 1), 191),
 ((243, 675, 1), 191),
 ((243, 569, 18), 191),
 ((243, 594, 18), 191),
 ((285, 348, 0), 191),
 ((285, 409, 0), 191),
 ((285, 476, 0), 191),
 ((285, 529, 0), 191),
 ((285, 638, 0), 191),
 ((285, 696, 0), 191),
 ((285, 719, 0), 191),
 ((285, 767, 0), 191),
 ((285, 50, 1), 191),
 ((285, 433, 1), 191),
 ((285, 613, 1), 191),
 ((285, 675, 1), 191),
 ((285, 569, 18), 191),
 ((285, 594, 18), 191),
 ((285, 631, 18), 191),
 ((348, 409, 0), 191),
 ((348, 476, 0), 191),
 ((348, 529, 0), 191),
 ((348, 638, 0), 191),
 ((348, 696, 0), 191),
 ((348, 719, 0), 191),
 ((348, 767, 0), 191),
 ((348, 50, 1), 191),
 ((348, 433, 1), 191),
 ((348, 613, 1), 191),
 ((348, 675, 1), 191),
 ((348, 569, 18), 191),
 ((348, 594, 18), 191),
 ((348, 631, 18), 191),
 ((348, 706, 18), 191),
 ((409, 476, 0), 191),
 ((409, 529, 0), 191),
 ((409, 638, 0), 191),
 ((409, 696, 0), 191),
 ((409, 719, 0), 191),
 ((409, 767, 0), 191),
 ((409, 50, 1), 191),
 ((409, 433, 1), 191),
 ((409, 613, 1), 191),
 ((409, 675, 1), 191),
 ((409, 569, 18), 191),
 ((409, 594, 18), 191),
 ((409, 631, 18), 191),
 ((409, 706, 18), 191),
 ((409, 780, 18), 191)]
